	Saving data to file: data/2018-10-18/3D_Example/PopulationSize_loopDistributedCPU.txt
19
20
21
21
21
24
25
25
26
27
28
28
29
30
32
32
32
33
33
33
34
36
36
37
38
39
40
41
41
41
41
43
47
48
49
49
49
49
50
51
51
52
52
53
54
55
58
59
62
63
65
66
68
68
69
69
73
74
75
77
78
78
79
79
79
79
81
81
82
84
85
86
87
89
91
91
92
94
95
95
96
96
98
100
101
103
106
110
111
111
111
113
115
120
121
123
123
124
129
130
132
134
137
138
141
144
146
148
151
154
157
158
160
161
163
168
171
174
175
177
181
183
188
192
193
195
201
203
205
207
208
210
216
220
227
234
237
240
243
248
253
255
256
261
264
266
268
275
281
288
296
304
309
315
319
324
328
333
342
350
358
363
367
376
382
391
396
403
415
424
432
437
449
461
470
481
491
497
504
509
524
536
545
555
570
579
589
597
601
616
624
632
642
655
668
687
702
711
722
732
744
753
762
773
782
795
806
817
829
835
855
872
888
901
917
932
945
971
985
998
1013
1029
1045
1068
1080
1101
1111
1129
1151
1179
1197
1221
1241
1254
1275
1295
1317
1338
1354
1377
1399
1429
1453
1470
1491
1507
1526
1550
1573
1600
1636
1664
1690
1715
1742
1776
1815
1848
1873
1907
1932
1971
1997
2034
2065
2100
2130
2159
2195
2232
2278
2308
2353
2388
2431
2475
2523
2558
2607
2658
2705
2746
2796
2840
2880
2921
2963
3010
3060
3101
3147
3201
3250
3313
3368
3430
3477
3538
3604
3666
3731
3786
3858
3918
3983
4051
4118
4184
4244
4321
4390
4471
4563
4649
4725
4812
4888
4976
5065
5141
5230
5311
5404
5489
5578
5660
5757
5842
5929
6027
6129
6231
6349
6469
6578
6683
6808
6942
7026
7154
7273
7406
7525
7676
7794
7908
8034
8154
8285
8402
8562
8694
8839
8994
9152
9295
9454
9616
9769
9928
10112
10254
10424
10606
10764
10928
11111
11307
11499
11678
11866
12059
12244
12418
12639
12853
13064
13287
13514
13736
13961
14182
14404
14655
14900
15127
15388
15665
15911
16185
16455
16736
17035
17294
17603
17867
18155
18438
18744
19036
19364
19667
20000
20318
20619
20960
21304
21645
21975
22323
22684
23083
23459
23863
24251
24661
25077
25481
25892
26313
26730
27178
27619
28084
28560
29006
29475
29997
30482
30990
31511
32026
32563
33126
33656
34229
34801
35409
36060
36637
37251
37934
38546
39181
39822
40467
41111
41813
42506
43194
43960
44694
45426
46195
46985
47821
48622
49403
50213
51064
51920
52794
53642
54501
55374
56251
57147
58082
59042
59997
61050
62006
63056
64121
65179
66256
67312
68475
69595
70767
71878
73122
74290
75495
76718
77965
79128
80441
81726
83058
84437
85886
87326
88724
90186
91700
93276
94850
96364
98068

	Simulation complete after 9 seconds.
